2021/11/09-14:44:31.938250 7f89114d2cc0 RocksDB version: 6.17.3
2021/11/09-14:44:31.938284 7f89114d2cc0 Git sha rocksdb_build_git_sha:@09c7e96eac1ab983f97ce9e0406730b8014b3398@
2021/11/09-14:44:31.938286 7f89114d2cc0 Compile date Oct 20 2021
2021/11/09-14:44:31.938350 7f89114d2cc0 DB SUMMARY
2021/11/09-14:44:31.938352 7f89114d2cc0 DB Session ID:  F834452L5KWRTAX13TLL
2021/11/09-14:44:31.938387 7f89114d2cc0 CURRENT file:  CURRENT
2021/11/09-14:44:31.938389 7f89114d2cc0 IDENTITY file:  IDENTITY
2021/11/09-14:44:31.938395 7f89114d2cc0 MANIFEST file:  MANIFEST-000003 size: 1376 Bytes
2021/11/09-14:44:31.938397 7f89114d2cc0 SST files in test-ledger/rocksdb dir, Total Num: 0, files: 
2021/11/09-14:44:31.938399 7f89114d2cc0 Write Ahead Log file in test-ledger/rocksdb: 000004.log size: 3918 ; 
2021/11/09-14:44:31.938401 7f89114d2cc0                         Options.error_if_exists: 0
2021/11/09-14:44:31.938403 7f89114d2cc0                       Options.create_if_missing: 1
2021/11/09-14:44:31.938404 7f89114d2cc0                         Options.paranoid_checks: 1
2021/11/09-14:44:31.938405 7f89114d2cc0                               Options.track_and_verify_wals_in_manifest: 0
2021/11/09-14:44:31.938407 7f89114d2cc0                                     Options.env: 0x558ecfd66840
2021/11/09-14:44:31.938408 7f89114d2cc0                                      Options.fs: Posix File System
2021/11/09-14:44:31.938410 7f89114d2cc0                                Options.info_log: 0x558ed1f03ce0
2021/11/09-14:44:31.938411 7f89114d2cc0                Options.max_file_opening_threads: 16
2021/11/09-14:44:31.938413 7f89114d2cc0                              Options.statistics: (nil)
2021/11/09-14:44:31.938415 7f89114d2cc0                               Options.use_fsync: 0
2021/11/09-14:44:31.938416 7f89114d2cc0                       Options.max_log_file_size: 0
2021/11/09-14:44:31.938417 7f89114d2cc0                  Options.max_manifest_file_size: 1073741824
2021/11/09-14:44:31.938419 7f89114d2cc0                   Options.log_file_time_to_roll: 0
2021/11/09-14:44:31.938420 7f89114d2cc0                       Options.keep_log_file_num: 1000
2021/11/09-14:44:31.938421 7f89114d2cc0                    Options.recycle_log_file_num: 0
2021/11/09-14:44:31.938423 7f89114d2cc0                         Options.allow_fallocate: 1
2021/11/09-14:44:31.938424 7f89114d2cc0                        Options.allow_mmap_reads: 0
2021/11/09-14:44:31.938425 7f89114d2cc0                       Options.allow_mmap_writes: 0
2021/11/09-14:44:31.938426 7f89114d2cc0                        Options.use_direct_reads: 0
2021/11/09-14:44:31.938427 7f89114d2cc0                        Options.use_direct_io_for_flush_and_compaction: 0
2021/11/09-14:44:31.938429 7f89114d2cc0          Options.create_missing_column_families: 1
2021/11/09-14:44:31.938430 7f89114d2cc0                              Options.db_log_dir: 
2021/11/09-14:44:31.938431 7f89114d2cc0                                 Options.wal_dir: test-ledger/rocksdb
2021/11/09-14:44:31.938432 7f89114d2cc0                Options.table_cache_numshardbits: 6
2021/11/09-14:44:31.938433 7f89114d2cc0                         Options.WAL_ttl_seconds: 0
2021/11/09-14:44:31.938434 7f89114d2cc0                       Options.WAL_size_limit_MB: 0
2021/11/09-14:44:31.938435 7f89114d2cc0                        Options.max_write_batch_group_size_bytes: 1048576
2021/11/09-14:44:31.938436 7f89114d2cc0             Options.manifest_preallocation_size: 4194304
2021/11/09-14:44:31.938437 7f89114d2cc0                     Options.is_fd_close_on_exec: 1
2021/11/09-14:44:31.938439 7f89114d2cc0                   Options.advise_random_on_open: 1
2021/11/09-14:44:31.938440 7f89114d2cc0                    Options.db_write_buffer_size: 0
2021/11/09-14:44:31.938441 7f89114d2cc0                    Options.write_buffer_manager: 0x558ed1e01070
2021/11/09-14:44:31.938442 7f89114d2cc0         Options.access_hint_on_compaction_start: 1
2021/11/09-14:44:31.938443 7f89114d2cc0  Options.new_table_reader_for_compaction_inputs: 0
2021/11/09-14:44:31.938444 7f89114d2cc0           Options.random_access_max_buffer_size: 1048576
2021/11/09-14:44:31.938446 7f89114d2cc0                      Options.use_adaptive_mutex: 0
2021/11/09-14:44:31.938466 7f89114d2cc0                            Options.rate_limiter: (nil)
2021/11/09-14:44:31.938469 7f89114d2cc0     Options.sst_file_manager.rate_bytes_per_sec: 0
2021/11/09-14:44:31.938470 7f89114d2cc0                       Options.wal_recovery_mode: 2
2021/11/09-14:44:31.938471 7f89114d2cc0                  Options.enable_thread_tracking: 0
2021/11/09-14:44:31.938472 7f89114d2cc0                  Options.enable_pipelined_write: 0
2021/11/09-14:44:31.938473 7f89114d2cc0                  Options.unordered_write: 0
2021/11/09-14:44:31.938474 7f89114d2cc0         Options.allow_concurrent_memtable_write: 1
2021/11/09-14:44:31.938476 7f89114d2cc0      Options.enable_write_thread_adaptive_yield: 1
2021/11/09-14:44:31.938477 7f89114d2cc0             Options.write_thread_max_yield_usec: 100
2021/11/09-14:44:31.938478 7f89114d2cc0            Options.write_thread_slow_yield_usec: 3
2021/11/09-14:44:31.938479 7f89114d2cc0                               Options.row_cache: None
2021/11/09-14:44:31.938481 7f89114d2cc0                              Options.wal_filter: None
2021/11/09-14:44:31.938482 7f89114d2cc0             Options.avoid_flush_during_recovery: 0
2021/11/09-14:44:31.938483 7f89114d2cc0             Options.allow_ingest_behind: 0
2021/11/09-14:44:31.938484 7f89114d2cc0             Options.preserve_deletes: 0
2021/11/09-14:44:31.938485 7f89114d2cc0             Options.two_write_queues: 0
2021/11/09-14:44:31.938487 7f89114d2cc0             Options.manual_wal_flush: 0
2021/11/09-14:44:31.938488 7f89114d2cc0             Options.atomic_flush: 0
2021/11/09-14:44:31.938489 7f89114d2cc0             Options.avoid_unnecessary_blocking_io: 0
2021/11/09-14:44:31.938490 7f89114d2cc0                 Options.persist_stats_to_disk: 0
2021/11/09-14:44:31.938491 7f89114d2cc0                 Options.write_dbid_to_manifest: 0
2021/11/09-14:44:31.938492 7f89114d2cc0                 Options.log_readahead_size: 0
2021/11/09-14:44:31.938493 7f89114d2cc0                 Options.file_checksum_gen_factory: Unknown
2021/11/09-14:44:31.938494 7f89114d2cc0                 Options.best_efforts_recovery: 0
2021/11/09-14:44:31.938495 7f89114d2cc0                Options.max_bgerror_resume_count: 2147483647
2021/11/09-14:44:31.938497 7f89114d2cc0            Options.bgerror_resume_retry_interval: 1000000
2021/11/09-14:44:31.938498 7f89114d2cc0             Options.allow_data_in_errors: 0
2021/11/09-14:44:31.938499 7f89114d2cc0             Options.db_host_id: __hostname__
2021/11/09-14:44:31.938500 7f89114d2cc0             Options.max_background_jobs: 4
2021/11/09-14:44:31.938501 7f89114d2cc0             Options.max_background_compactions: -1
2021/11/09-14:44:31.938502 7f89114d2cc0             Options.max_subcompactions: 1
2021/11/09-14:44:31.938503 7f89114d2cc0             Options.avoid_flush_during_shutdown: 0
2021/11/09-14:44:31.938504 7f89114d2cc0           Options.writable_file_max_buffer_size: 1048576
2021/11/09-14:44:31.938516 7f89114d2cc0             Options.delayed_write_rate : 16777216
2021/11/09-14:44:31.938517 7f89114d2cc0             Options.max_total_wal_size: 4294967296
2021/11/09-14:44:31.938518 7f89114d2cc0             Options.delete_obsolete_files_period_micros: 21600000000
2021/11/09-14:44:31.938519 7f89114d2cc0                   Options.stats_dump_period_sec: 600
2021/11/09-14:44:31.938520 7f89114d2cc0                 Options.stats_persist_period_sec: 600
2021/11/09-14:44:31.938521 7f89114d2cc0                 Options.stats_history_buffer_size: 1048576
2021/11/09-14:44:31.938522 7f89114d2cc0                          Options.max_open_files: -1
2021/11/09-14:44:31.938523 7f89114d2cc0                          Options.bytes_per_sync: 0
2021/11/09-14:44:31.938524 7f89114d2cc0                      Options.wal_bytes_per_sync: 0
2021/11/09-14:44:31.938525 7f89114d2cc0                   Options.strict_bytes_per_sync: 0
2021/11/09-14:44:31.938526 7f89114d2cc0       Options.compaction_readahead_size: 0
2021/11/09-14:44:31.938527 7f89114d2cc0                  Options.max_background_flushes: -1
2021/11/09-14:44:31.938542 7f89114d2cc0 Compression algorithms supported:
2021/11/09-14:44:31.938544 7f89114d2cc0 	kZSTDNotFinalCompression supported: 0
2021/11/09-14:44:31.938545 7f89114d2cc0 	kZSTD supported: 0
2021/11/09-14:44:31.938546 7f89114d2cc0 	kXpressCompression supported: 0
2021/11/09-14:44:31.938548 7f89114d2cc0 	kLZ4HCCompression supported: 1
2021/11/09-14:44:31.938549 7f89114d2cc0 	kLZ4Compression supported: 1
2021/11/09-14:44:31.938551 7f89114d2cc0 	kBZip2Compression supported: 0
2021/11/09-14:44:31.938551 7f89114d2cc0 	kZlibCompression supported: 0
2021/11/09-14:44:31.938553 7f89114d2cc0 	kSnappyCompression supported: 0
2021/11/09-14:44:31.938558 7f89114d2cc0 Fast CRC32 supported: Supported on x86
2021/11/09-14:44:31.938668 7f89114d2cc0 [db/version_set.cc:4757] Recovering from manifest file: test-ledger/rocksdb/MANIFEST-000003
2021/11/09-14:44:31.938837 7f89114d2cc0 [db/column_family.cc:597] --------------- Options for column family [default]:
2021/11/09-14:44:31.938840 7f89114d2cc0               Options.comparator: leveldb.BytewiseComparator
2021/11/09-14:44:31.938841 7f89114d2cc0           Options.merge_operator: None
2021/11/09-14:44:31.938843 7f89114d2cc0        Options.compaction_filter: None
2021/11/09-14:44:31.938844 7f89114d2cc0        Options.compaction_filter_factory: None
2021/11/09-14:44:31.938845 7f89114d2cc0  Options.sst_partitioner_factory: None
2021/11/09-14:44:31.938846 7f89114d2cc0         Options.memtable_factory: SkipListFactory
2021/11/09-14:44:31.938848 7f89114d2cc0            Options.table_factory: BlockBasedTable
2021/11/09-14:44:31.938873 7f89114d2cc0            table_factory options:   flush_block_policy_factory: FlushBlockBySizePolicyFactory (0x558ed1dfe5e0)
  cache_index_and_filter_blocks: 0
  cache_index_and_filter_blocks_with_high_priority: 1
  pin_l0_filter_and_index_blocks_in_cache: 0
  pin_top_level_index_and_filter: 1
  index_type: 0
  data_block_index_type: 0
  index_shortening: 1
  data_block_hash_table_util_ratio: 0.750000
  hash_index_allow_collision: 1
  checksum: 1
  no_block_cache: 0
  block_cache: 0x558ed1dfe630
  block_cache_name: LRUCache
  block_cache_options:
    capacity : 8388608
    num_shard_bits : 4
    strict_capacity_limit : 0
    memory_allocator : None
    high_pri_pool_ratio: 0.000
  block_cache_compressed: (nil)
  persistent_cache: (nil)
  block_size: 4096
  block_size_deviation: 10
  block_restart_interval: 16
  index_block_restart_interval: 1
  metadata_block_size: 4096
  partition_filters: 0
  use_delta_encoding: 1
  filter_policy: nullptr
  whole_key_filtering: 1
  verify_compression: 0
  read_amp_bytes_per_bit: 0
  format_version: 4
  enable_index_compression: 1
  block_align: 0
2021/11/09-14:44:31.938875 7f89114d2cc0        Options.write_buffer_size: 67108864
2021/11/09-14:44:31.938876 7f89114d2cc0  Options.max_write_buffer_number: 2
2021/11/09-14:44:31.938878 7f89114d2cc0          Options.compression: NoCompression
2021/11/09-14:44:31.938879 7f89114d2cc0                  Options.bottommost_compression: Disabled
2021/11/09-14:44:31.938880 7f89114d2cc0       Options.prefix_extractor: nullptr
2021/11/09-14:44:31.938881 7f89114d2cc0   Options.memtable_insert_with_hint_prefix_extractor: nullptr
2021/11/09-14:44:31.938882 7f89114d2cc0             Options.num_levels: 7
2021/11/09-14:44:31.938884 7f89114d2cc0        Options.min_write_buffer_number_to_merge: 1
2021/11/09-14:44:31.938885 7f89114d2cc0     Options.max_write_buffer_number_to_maintain: 0
2021/11/09-14:44:31.938886 7f89114d2cc0     Options.max_write_buffer_size_to_maintain: 0
2021/11/09-14:44:31.938887 7f89114d2cc0            Options.bottommost_compression_opts.window_bits: -14
2021/11/09-14:44:31.938888 7f89114d2cc0                  Options.bottommost_compression_opts.level: 32767
2021/11/09-14:44:31.938890 7f89114d2cc0               Options.bottommost_compression_opts.strategy: 0
2021/11/09-14:44:31.938891 7f89114d2cc0         Options.bottommost_compression_opts.max_dict_bytes: 0
2021/11/09-14:44:31.938891 7f89114d2cc0         Options.bottommost_compression_opts.zstd_max_train_bytes: 0
2021/11/09-14:44:31.938927 7f89114d2cc0         Options.bottommost_compression_opts.parallel_threads: 1
2021/11/09-14:44:31.938929 7f89114d2cc0                  Options.bottommost_compression_opts.enabled: false
2021/11/09-14:44:31.938930 7f89114d2cc0            Options.compression_opts.window_bits: -14
2021/11/09-14:44:31.938932 7f89114d2cc0                  Options.compression_opts.level: 32767
2021/11/09-14:44:31.938933 7f89114d2cc0               Options.compression_opts.strategy: 0
2021/11/09-14:44:31.938934 7f89114d2cc0         Options.compression_opts.max_dict_bytes: 0
2021/11/09-14:44:31.938935 7f89114d2cc0         Options.compression_opts.zstd_max_train_bytes: 0
2021/11/09-14:44:31.938936 7f89114d2cc0         Options.compression_opts.parallel_threads: 1
2021/11/09-14:44:31.938938 7f89114d2cc0                  Options.compression_opts.enabled: false
2021/11/09-14:44:31.938939 7f89114d2cc0      Options.level0_file_num_compaction_trigger: 4
2021/11/09-14:44:31.938940 7f89114d2cc0          Options.level0_slowdown_writes_trigger: 20
2021/11/09-14:44:31.938941 7f89114d2cc0              Options.level0_stop_writes_trigger: 36
2021/11/09-14:44:31.938942 7f89114d2cc0                   Options.target_file_size_base: 67108864
2021/11/09-14:44:31.938944 7f89114d2cc0             Options.target_file_size_multiplier: 1
2021/11/09-14:44:31.938945 7f89114d2cc0                Options.max_bytes_for_level_base: 268435456
2021/11/09-14:44:31.938946 7f89114d2cc0 Options.level_compaction_dynamic_level_bytes: 0
2021/11/09-14:44:31.938947 7f89114d2cc0          Options.max_bytes_for_level_multiplier: 10.000000
2021/11/09-14:44:31.938950 7f89114d2cc0 Options.max_bytes_for_level_multiplier_addtl[0]: 1
2021/11/09-14:44:31.938951 7f89114d2cc0 Options.max_bytes_for_level_multiplier_addtl[1]: 1
2021/11/09-14:44:31.938953 7f89114d2cc0 Options.max_bytes_for_level_multiplier_addtl[2]: 1
2021/11/09-14:44:31.938954 7f89114d2cc0 Options.max_bytes_for_level_multiplier_addtl[3]: 1
2021/11/09-14:44:31.938955 7f89114d2cc0 Options.max_bytes_for_level_multiplier_addtl[4]: 1
2021/11/09-14:44:31.938956 7f89114d2cc0 Options.max_bytes_for_level_multiplier_addtl[5]: 1
2021/11/09-14:44:31.938958 7f89114d2cc0 Options.max_bytes_for_level_multiplier_addtl[6]: 1
2021/11/09-14:44:31.938959 7f89114d2cc0       Options.max_sequential_skip_in_iterations: 8
2021/11/09-14:44:31.938960 7f89114d2cc0                    Options.max_compaction_bytes: 1677721600
2021/11/09-14:44:31.938961 7f89114d2cc0                        Options.arena_block_size: 8388608
2021/11/09-14:44:31.938963 7f89114d2cc0   Options.soft_pending_compaction_bytes_limit: 68719476736
2021/11/09-14:44:31.938964 7f89114d2cc0   Options.hard_pending_compaction_bytes_limit: 274877906944
2021/11/09-14:44:31.938965 7f89114d2cc0       Options.rate_limit_delay_max_milliseconds: 100
2021/11/09-14:44:31.938966 7f89114d2cc0                Options.disable_auto_compactions: 0
2021/11/09-14:44:31.938968 7f89114d2cc0                        Options.compaction_style: kCompactionStyleLevel
2021/11/09-14:44:31.938970 7f89114d2cc0                          Options.compaction_pri: kMinOverlappingRatio
2021/11/09-14:44:31.938971 7f89114d2cc0 Options.compaction_options_universal.size_ratio: 1
2021/11/09-14:44:31.938972 7f89114d2cc0 Options.compaction_options_universal.min_merge_width: 2
2021/11/09-14:44:31.938973 7f89114d2cc0 Options.compaction_options_universal.max_merge_width: 4294967295
2021/11/09-14:44:31.938975 7f89114d2cc0 Options.compaction_options_universal.max_size_amplification_percent: 200
2021/11/09-14:44:31.938976 7f89114d2cc0 Options.compaction_options_universal.compression_size_percent: -1
2021/11/09-14:44:31.938978 7f89114d2cc0 Options.compaction_options_universal.stop_style: kCompactionStopStyleTotalSize
2021/11/09-14:44:31.938979 7f89114d2cc0 Options.compaction_options_fifo.max_table_files_size: 1073741824
2021/11/09-14:44:31.938980 7f89114d2cc0 Options.compaction_options_fifo.allow_compaction: 0
2021/11/09-14:44:31.938986 7f89114d2cc0                   Options.table_properties_collectors: 
2021/11/09-14:44:31.939003 7f89114d2cc0                   Options.inplace_update_support: 0
2021/11/09-14:44:31.939004 7f89114d2cc0                 Options.inplace_update_num_locks: 10000
2021/11/09-14:44:31.939005 7f89114d2cc0               Options.memtable_prefix_bloom_size_ratio: 0.000000
2021/11/09-14:44:31.939007 7f89114d2cc0               Options.memtable_whole_key_filtering: 0
2021/11/09-14:44:31.939008 7f89114d2cc0   Options.memtable_huge_page_size: 0
2021/11/09-14:44:31.939010 7f89114d2cc0                           Options.bloom_locality: 0
2021/11/09-14:44:31.939011 7f89114d2cc0                    Options.max_successive_merges: 0
2021/11/09-14:44:31.939012 7f89114d2cc0                Options.optimize_filters_for_hits: 0
2021/11/09-14:44:31.939013 7f89114d2cc0                Options.paranoid_file_checks: 0
2021/11/09-14:44:31.939014 7f89114d2cc0                Options.force_consistency_checks: 1
2021/11/09-14:44:31.939015 7f89114d2cc0                Options.report_bg_io_stats: 0
2021/11/09-14:44:31.939017 7f89114d2cc0                               Options.ttl: 2592000
2021/11/09-14:44:31.939018 7f89114d2cc0          Options.periodic_compaction_seconds: 0
2021/11/09-14:44:31.939019 7f89114d2cc0                    Options.enable_blob_files: false
2021/11/09-14:44:31.939020 7f89114d2cc0                        Options.min_blob_size: 0
2021/11/09-14:44:31.939022 7f89114d2cc0                       Options.blob_file_size: 268435456
2021/11/09-14:44:31.939023 7f89114d2cc0                Options.blob_compression_type: NoCompression
2021/11/09-14:44:31.939024 7f89114d2cc0       Options.enable_blob_garbage_collection: false
2021/11/09-14:44:31.939026 7f89114d2cc0   Options.blob_garbage_collection_age_cutoff: 0.250000
2021/11/09-14:44:31.939109 7f89114d2cc0 [db/column_family.cc:597] --------------- Options for column family [meta]:
2021/11/09-14:44:31.939112 7f89114d2cc0               Options.comparator: leveldb.BytewiseComparator
2021/11/09-14:44:31.939113 7f89114d2cc0           Options.merge_operator: None
2021/11/09-14:44:31.939114 7f89114d2cc0        Options.compaction_filter: None
2021/11/09-14:44:31.939116 7f89114d2cc0        Options.compaction_filter_factory: purged_slot_filter_factory(meta)
2021/11/09-14:44:31.939117 7f89114d2cc0  Options.sst_partitioner_factory: None
2021/11/09-14:44:31.939118 7f89114d2cc0         Options.memtable_factory: SkipListFactory
2021/11/09-14:44:31.939120 7f89114d2cc0            Options.table_factory: BlockBasedTable
2021/11/09-14:44:31.939137 7f89114d2cc0            table_factory options:   flush_block_policy_factory: FlushBlockBySizePolicyFactory (0x558ed1e53d40)
  cache_index_and_filter_blocks: 0
  cache_index_and_filter_blocks_with_high_priority: 1
  pin_l0_filter_and_index_blocks_in_cache: 0
  pin_top_level_index_and_filter: 1
  index_type: 0
  data_block_index_type: 0
  index_shortening: 1
  data_block_hash_table_util_ratio: 0.750000
  hash_index_allow_collision: 1
  checksum: 1
  no_block_cache: 0
  block_cache: 0x558ed1e4b660
  block_cache_name: LRUCache
  block_cache_options:
    capacity : 8388608
    num_shard_bits : 4
    strict_capacity_limit : 0
    memory_allocator : None
    high_pri_pool_ratio: 0.000
  block_cache_compressed: (nil)
  persistent_cache: (nil)
  block_size: 4096
  block_size_deviation: 10
  block_restart_interval: 16
  index_block_restart_interval: 1
  metadata_block_size: 4096
  partition_filters: 0
  use_delta_encoding: 1
  filter_policy: nullptr
  whole_key_filtering: 1
  verify_compression: 0
  read_amp_bytes_per_bit: 0
  format_version: 4
  enable_index_compression: 1
  block_align: 0
2021/11/09-14:44:31.939139 7f89114d2cc0        Options.write_buffer_size: 268435456
2021/11/09-14:44:31.939140 7f89114d2cc0  Options.max_write_buffer_number: 8
2021/11/09-14:44:31.939141 7f89114d2cc0          Options.compression: NoCompression
2021/11/09-14:44:31.939142 7f89114d2cc0                  Options.bottommost_compression: Disabled
2021/11/09-14:44:31.939143 7f89114d2cc0       Options.prefix_extractor: nullptr
2021/11/09-14:44:31.939145 7f89114d2cc0   Options.memtable_insert_with_hint_prefix_extractor: nullptr
2021/11/09-14:44:31.939164 7f89114d2cc0             Options.num_levels: 7
2021/11/09-14:44:31.939165 7f89114d2cc0        Options.min_write_buffer_number_to_merge: 1
2021/11/09-14:44:31.939167 7f89114d2cc0     Options.max_write_buffer_number_to_maintain: 0
2021/11/09-14:44:31.939168 7f89114d2cc0     Options.max_write_buffer_size_to_maintain: 0
2021/11/09-14:44:31.939169 7f89114d2cc0            Options.bottommost_compression_opts.window_bits: -14
2021/11/09-14:44:31.939170 7f89114d2cc0                  Options.bottommost_compression_opts.level: 32767
2021/11/09-14:44:31.939171 7f89114d2cc0               Options.bottommost_compression_opts.strategy: 0
2021/11/09-14:44:31.939173 7f89114d2cc0         Options.bottommost_compression_opts.max_dict_bytes: 0
2021/11/09-14:44:31.939174 7f89114d2cc0         Options.bottommost_compression_opts.zstd_max_train_bytes: 0
2021/11/09-14:44:31.939175 7f89114d2cc0         Options.bottommost_compression_opts.parallel_threads: 1
2021/11/09-14:44:31.939176 7f89114d2cc0                  Options.bottommost_compression_opts.enabled: false
2021/11/09-14:44:31.939178 7f89114d2cc0            Options.compression_opts.window_bits: -14
2021/11/09-14:44:31.939179 7f89114d2cc0                  Options.compression_opts.level: 32767
2021/11/09-14:44:31.939180 7f89114d2cc0               Options.compression_opts.strategy: 0
2021/11/09-14:44:31.939181 7f89114d2cc0         Options.compression_opts.max_dict_bytes: 0
2021/11/09-14:44:31.939182 7f89114d2cc0         Options.compression_opts.zstd_max_train_bytes: 0
2021/11/09-14:44:31.939184 7f89114d2cc0         Options.compression_opts.parallel_threads: 1
2021/11/09-14:44:31.939185 7f89114d2cc0                  Options.compression_opts.enabled: false
2021/11/09-14:44:31.939186 7f89114d2cc0      Options.level0_file_num_compaction_trigger: 4
2021/11/09-14:44:31.939187 7f89114d2cc0          Options.level0_slowdown_writes_trigger: 20
2021/11/09-14:44:31.939188 7f89114d2cc0              Options.level0_stop_writes_trigger: 36
2021/11/09-14:44:31.939190 7f89114d2cc0                   Options.target_file_size_base: 107374182
2021/11/09-14:44:31.939191 7f89114d2cc0             Options.target_file_size_multiplier: 1
2021/11/09-14:44:31.939192 7f89114d2cc0                Options.max_bytes_for_level_base: 1073741824
2021/11/09-14:44:31.939193 7f89114d2cc0 Options.level_compaction_dynamic_level_bytes: 0
2021/11/09-14:44:31.939195 7f89114d2cc0          Options.max_bytes_for_level_multiplier: 10.000000
2021/11/09-14:44:31.939197 7f89114d2cc0 Options.max_bytes_for_level_multiplier_addtl[0]: 1
2021/11/09-14:44:31.939198 7f89114d2cc0 Options.max_bytes_for_level_multiplier_addtl[1]: 1
2021/11/09-14:44:31.939199 7f89114d2cc0 Options.max_bytes_for_level_multiplier_addtl[2]: 1
2021/11/09-14:44:31.939200 7f89114d2cc0 Options.max_bytes_for_level_multiplier_addtl[3]: 1
2021/11/09-14:44:31.939202 7f89114d2cc0 Options.max_bytes_for_level_multiplier_addtl[4]: 1
2021/11/09-14:44:31.939203 7f89114d2cc0 Options.max_bytes_for_level_multiplier_addtl[5]: 1
2021/11/09-14:44:31.939204 7f89114d2cc0 Options.max_bytes_for_level_multiplier_addtl[6]: 1
2021/11/09-14:44:31.939205 7f89114d2cc0       Options.max_sequential_skip_in_iterations: 8
2021/11/09-14:44:31.939206 7f89114d2cc0                    Options.max_compaction_bytes: 2684354550
2021/11/09-14:44:31.939208 7f89114d2cc0                        Options.arena_block_size: 33554432
2021/11/09-14:44:31.939209 7f89114d2cc0   Options.soft_pending_compaction_bytes_limit: 68719476736
2021/11/09-14:44:31.939210 7f89114d2cc0   Options.hard_pending_compaction_bytes_limit: 274877906944
2021/11/09-14:44:31.939211 7f89114d2cc0       Options.rate_limit_delay_max_milliseconds: 100
2021/11/09-14:44:31.939212 7f89114d2cc0                Options.disable_auto_compactions: 0
2021/11/09-14:44:31.939214 7f89114d2cc0                        Options.compaction_style: kCompactionStyleLevel
2021/11/09-14:44:31.939215 7f89114d2cc0                          Options.compaction_pri: kMinOverlappingRatio
2021/11/09-14:44:31.939217 7f89114d2cc0 Options.compaction_options_universal.size_ratio: 1
2021/11/09-14:44:31.939231 7f89114d2cc0 Options.compaction_options_universal.min_merge_width: 2
2021/11/09-14:44:31.939232 7f89114d2cc0 Options.compaction_options_universal.max_merge_width: 4294967295
2021/11/09-14:44:31.939233 7f89114d2cc0 Options.compaction_options_universal.max_size_amplification_percent: 200
2021/11/09-14:44:31.939235 7f89114d2cc0 Options.compaction_options_universal.compression_size_percent: -1
2021/11/09-14:44:31.939236 7f89114d2cc0 Options.compaction_options_universal.stop_style: kCompactionStopStyleTotalSize
2021/11/09-14:44:31.939237 7f89114d2cc0 Options.compaction_options_fifo.max_table_files_size: 1073741824
2021/11/09-14:44:31.939238 7f89114d2cc0 Options.compaction_options_fifo.allow_compaction: 0
2021/11/09-14:44:31.939242 7f89114d2cc0                   Options.table_properties_collectors: 
2021/11/09-14:44:31.939243 7f89114d2cc0                   Options.inplace_update_support: 0
2021/11/09-14:44:31.939244 7f89114d2cc0                 Options.inplace_update_num_locks: 10000
2021/11/09-14:44:31.939245 7f89114d2cc0               Options.memtable_prefix_bloom_size_ratio: 0.000000
2021/11/09-14:44:31.939246 7f89114d2cc0               Options.memtable_whole_key_filtering: 0
2021/11/09-14:44:31.939247 7f89114d2cc0   Options.memtable_huge_page_size: 0
2021/11/09-14:44:31.939249 7f89114d2cc0                           Options.bloom_locality: 0
2021/11/09-14:44:31.939250 7f89114d2cc0                    Options.max_successive_merges: 0
2021/11/09-14:44:31.939251 7f89114d2cc0                Options.optimize_filters_for_hits: 0
2021/11/09-14:44:31.939252 7f89114d2cc0                Options.paranoid_file_checks: 0
2021/11/09-14:44:31.939253 7f89114d2cc0                Options.force_consistency_checks: 1
2021/11/09-14:44:31.939254 7f89114d2cc0                Options.report_bg_io_stats: 0
2021/11/09-14:44:31.939255 7f89114d2cc0                               Options.ttl: 2592000
2021/11/09-14:44:31.939257 7f89114d2cc0          Options.periodic_compaction_seconds: 2592000
2021/11/09-14:44:31.939258 7f89114d2cc0                    Options.enable_blob_files: false
2021/11/09-14:44:31.939259 7f89114d2cc0                        Options.min_blob_size: 0
2021/11/09-14:44:31.939260 7f89114d2cc0                       Options.blob_file_size: 268435456
2021/11/09-14:44:31.939261 7f89114d2cc0                Options.blob_compression_type: NoCompression
2021/11/09-14:44:31.939262 7f89114d2cc0       Options.enable_blob_garbage_collection: false
2021/11/09-14:44:31.939264 7f89114d2cc0   Options.blob_garbage_collection_age_cutoff: 0.250000
2021/11/09-14:44:31.939296 7f89114d2cc0 [db/column_family.cc:597] --------------- Options for column family [dead_slots]:
2021/11/09-14:44:31.939298 7f89114d2cc0               Options.comparator: leveldb.BytewiseComparator
2021/11/09-14:44:31.939299 7f89114d2cc0           Options.merge_operator: None
2021/11/09-14:44:31.939300 7f89114d2cc0        Options.compaction_filter: None
2021/11/09-14:44:31.939301 7f89114d2cc0        Options.compaction_filter_factory: purged_slot_filter_factory(dead_slots)
2021/11/09-14:44:31.939303 7f89114d2cc0  Options.sst_partitioner_factory: None
2021/11/09-14:44:31.939304 7f89114d2cc0         Options.memtable_factory: SkipListFactory
2021/11/09-14:44:31.939305 7f89114d2cc0            Options.table_factory: BlockBasedTable
2021/11/09-14:44:31.939322 7f89114d2cc0            table_factory options:   flush_block_policy_factory: FlushBlockBySizePolicyFactory (0x558ed1eeb210)
  cache_index_and_filter_blocks: 0
  cache_index_and_filter_blocks_with_high_priority: 1
  pin_l0_filter_and_index_blocks_in_cache: 0
  pin_top_level_index_and_filter: 1
  index_type: 0
  data_block_index_type: 0
  index_shortening: 1
  data_block_hash_table_util_ratio: 0.750000
  hash_index_allow_collision: 1
  checksum: 1
  no_block_cache: 0
  block_cache: 0x558ed1e4a850
  block_cache_name: LRUCache
  block_cache_options:
    capacity : 8388608
    num_shard_bits : 4
    strict_capacity_limit : 0
    memory_allocator : None
    high_pri_pool_ratio: 0.000
  block_cache_compressed: (nil)
  persistent_cache: (nil)
  block_size: 4096
  block_size_deviation: 10
  block_restart_interval: 16
  index_block_restart_interval: 1
  metadata_block_size: 4096
  partition_filters: 0
  use_delta_encoding: 1
  filter_policy: nullptr
  whole_key_filtering: 1
  verify_compression: 0
  read_amp_bytes_per_bit: 0
  format_version: 4
  enable_index_compression: 1
  block_align: 0
2021/11/09-14:44:31.939340 7f89114d2cc0        Options.write_buffer_size: 268435456
2021/11/09-14:44:31.939341 7f89114d2cc0  Options.max_write_buffer_number: 8
2021/11/09-14:44:31.939343 7f89114d2cc0          Options.compression: NoCompression
2021/11/09-14:44:31.939344 7f89114d2cc0                  Options.bottommost_compression: Disabled
2021/11/09-14:44:31.939345 7f89114d2cc0       Options.prefix_extractor: nullptr
2021/11/09-14:44:31.939346 7f89114d2cc0   Options.memtable_insert_with_hint_prefix_extractor: nullptr
2021/11/09-14:44:31.939347 7f89114d2cc0             Options.num_levels: 7
2021/11/09-14:44:31.939348 7f89114d2cc0        Options.min_write_buffer_number_to_merge: 1
2021/11/09-14:44:31.939349 7f89114d2cc0     Options.max_write_buffer_number_to_maintain: 0
2021/11/09-14:44:31.939350 7f89114d2cc0     Options.max_write_buffer_size_to_maintain: 0
2021/11/09-14:44:31.939351 7f89114d2cc0            Options.bottommost_compression_opts.window_bits: -14
2021/11/09-14:44:31.939352 7f89114d2cc0                  Options.bottommost_compression_opts.level: 32767
2021/11/09-14:44:31.939353 7f89114d2cc0               Options.bottommost_compression_opts.strategy: 0
2021/11/09-14:44:31.939354 7f89114d2cc0         Options.bottommost_compression_opts.max_dict_bytes: 0
2021/11/09-14:44:31.939355 7f89114d2cc0         Options.bottommost_compression_opts.zstd_max_train_bytes: 0
2021/11/09-14:44:31.939356 7f89114d2cc0         Options.bottommost_compression_opts.parallel_threads: 1
2021/11/09-14:44:31.939357 7f89114d2cc0                  Options.bottommost_compression_opts.enabled: false
2021/11/09-14:44:31.939358 7f89114d2cc0            Options.compression_opts.window_bits: -14
2021/11/09-14:44:31.939359 7f89114d2cc0                  Options.compression_opts.level: 32767
2021/11/09-14:44:31.939361 7f89114d2cc0               Options.compression_opts.strategy: 0
2021/11/09-14:44:31.939362 7f89114d2cc0         Options.compression_opts.max_dict_bytes: 0
2021/11/09-14:44:31.939363 7f89114d2cc0         Options.compression_opts.zstd_max_train_bytes: 0
2021/11/09-14:44:31.939364 7f89114d2cc0         Options.compression_opts.parallel_threads: 1
2021/11/09-14:44:31.939365 7f89114d2cc0                  Options.compression_opts.enabled: false
2021/11/09-14:44:31.939366 7f89114d2cc0      Options.level0_file_num_compaction_trigger: 4
2021/11/09-14:44:31.939367 7f89114d2cc0          Options.level0_slowdown_writes_trigger: 20
2021/11/09-14:44:31.939368 7f89114d2cc0              Options.level0_stop_writes_trigger: 36
2021/11/09-14:44:31.939369 7f89114d2cc0                   Options.target_file_size_base: 107374182
2021/11/09-14:44:31.939370 7f89114d2cc0             Options.target_file_size_multiplier: 1
2021/11/09-14:44:31.939371 7f89114d2cc0                Options.max_bytes_for_level_base: 1073741824
2021/11/09-14:44:31.939371 7f89114d2cc0 Options.level_compaction_dynamic_level_bytes: 0
2021/11/09-14:44:31.939372 7f89114d2cc0          Options.max_bytes_for_level_multiplier: 10.000000
2021/11/09-14:44:31.939375 7f89114d2cc0 Options.max_bytes_for_level_multiplier_addtl[0]: 1
2021/11/09-14:44:31.939376 7f89114d2cc0 Options.max_bytes_for_level_multiplier_addtl[1]: 1
2021/11/09-14:44:31.939377 7f89114d2cc0 Options.max_bytes_for_level_multiplier_addtl[2]: 1
2021/11/09-14:44:31.939378 7f89114d2cc0 Options.max_bytes_for_level_multiplier_addtl[3]: 1
2021/11/09-14:44:31.939379 7f89114d2cc0 Options.max_bytes_for_level_multiplier_addtl[4]: 1
2021/11/09-14:44:31.939381 7f89114d2cc0 Options.max_bytes_for_level_multiplier_addtl[5]: 1
2021/11/09-14:44:31.939382 7f89114d2cc0 Options.max_bytes_for_level_multiplier_addtl[6]: 1
2021/11/09-14:44:31.939398 7f89114d2cc0       Options.max_sequential_skip_in_iterations: 8
2021/11/09-14:44:31.939399 7f89114d2cc0                    Options.max_compaction_bytes: 2684354550
2021/11/09-14:44:31.939400 7f89114d2cc0                        Options.arena_block_size: 33554432
2021/11/09-14:44:31.939402 7f89114d2cc0   Options.soft_pending_compaction_bytes_limit: 68719476736
2021/11/09-14:44:31.939403 7f89114d2cc0   Options.hard_pending_compaction_bytes_limit: 274877906944
2021/11/09-14:44:31.939404 7f89114d2cc0       Options.rate_limit_delay_max_milliseconds: 100
2021/11/09-14:44:31.939405 7f89114d2cc0                Options.disable_auto_compactions: 0
2021/11/09-14:44:31.939407 7f89114d2cc0                        Options.compaction_style: kCompactionStyleLevel
2021/11/09-14:44:31.939408 7f89114d2cc0                          Options.compaction_pri: kMinOverlappingRatio
2021/11/09-14:44:31.939409 7f89114d2cc0 Options.compaction_options_universal.size_ratio: 1
2021/11/09-14:44:31.939410 7f89114d2cc0 Options.compaction_options_universal.min_merge_width: 2
2021/11/09-14:44:31.939411 7f89114d2cc0 Options.compaction_options_universal.max_merge_width: 4294967295
2021/11/09-14:44:31.939412 7f89114d2cc0 Options.compaction_options_universal.max_size_amplification_percent: 200
2021/11/09-14:44:31.939413 7f89114d2cc0 Options.compaction_options_universal.compression_size_percent: -1
2021/11/09-14:44:31.939415 7f89114d2cc0 Options.compaction_options_universal.stop_style: kCompactionStopStyleTotalSize
2021/11/09-14:44:31.939416 7f89114d2cc0 Options.compaction_options_fifo.max_table_files_size: 1073741824
2021/11/09-14:44:31.939417 7f89114d2cc0 Options.compaction_options_fifo.allow_compaction: 0
2021/11/09-14:44:31.939419 7f89114d2cc0                   Options.table_properties_collectors: 
2021/11/09-14:44:31.939420 7f89114d2cc0                   Options.inplace_update_support: 0
2021/11/09-14:44:31.939421 7f89114d2cc0                 Options.inplace_update_num_locks: 10000
2021/11/09-14:44:31.939422 7f89114d2cc0               Options.memtable_prefix_bloom_size_ratio: 0.000000
2021/11/09-14:44:31.939424 7f89114d2cc0               Options.memtable_whole_key_filtering: 0
2021/11/09-14:44:31.939425 7f89114d2cc0   Options.memtable_huge_page_size: 0
2021/11/09-14:44:31.939426 7f89114d2cc0                           Options.bloom_locality: 0
2021/11/09-14:44:31.939427 7f89114d2cc0                    Options.max_successive_merges: 0
2021/11/09-14:44:31.939428 7f89114d2cc0                Options.optimize_filters_for_hits: 0
2021/11/09-14:44:31.939429 7f89114d2cc0                Options.paranoid_file_checks: 0
2021/11/09-14:44:31.939430 7f89114d2cc0                Options.force_consistency_checks: 1
2021/11/09-14:44:31.939432 7f89114d2cc0                Options.report_bg_io_stats: 0
2021/11/09-14:44:31.939433 7f89114d2cc0                               Options.ttl: 2592000
2021/11/09-14:44:31.939434 7f89114d2cc0          Options.periodic_compaction_seconds: 2592000
2021/11/09-14:44:31.939435 7f89114d2cc0                    Options.enable_blob_files: false
2021/11/09-14:44:31.939436 7f89114d2cc0                        Options.min_blob_size: 0
2021/11/09-14:44:31.939437 7f89114d2cc0                       Options.blob_file_size: 268435456
2021/11/09-14:44:31.939439 7f89114d2cc0                Options.blob_compression_type: NoCompression
2021/11/09-14:44:31.939440 7f89114d2cc0       Options.enable_blob_garbage_collection: false
2021/11/09-14:44:31.939441 7f89114d2cc0   Options.blob_garbage_collection_age_cutoff: 0.250000
2021/11/09-14:44:31.939472 7f89114d2cc0 [db/column_family.cc:597] --------------- Options for column family [duplicate_slots]:
2021/11/09-14:44:31.939474 7f89114d2cc0               Options.comparator: leveldb.BytewiseComparator
2021/11/09-14:44:31.939475 7f89114d2cc0           Options.merge_operator: None
2021/11/09-14:44:31.939476 7f89114d2cc0        Options.compaction_filter: None
2021/11/09-14:44:31.939478 7f89114d2cc0        Options.compaction_filter_factory: purged_slot_filter_factory(duplicate_slots)
2021/11/09-14:44:31.939479 7f89114d2cc0  Options.sst_partitioner_factory: None
2021/11/09-14:44:31.939495 7f89114d2cc0         Options.memtable_factory: SkipListFactory
2021/11/09-14:44:31.939496 7f89114d2cc0            Options.table_factory: BlockBasedTable
2021/11/09-14:44:31.939513 7f89114d2cc0            table_factory options:   flush_block_policy_factory: FlushBlockBySizePolicyFactory (0x558ed1f102d0)
  cache_index_and_filter_blocks: 0
  cache_index_and_filter_blocks_with_high_priority: 1
  pin_l0_filter_and_index_blocks_in_cache: 0
  pin_top_level_index_and_filter: 1
  index_type: 0
  data_block_index_type: 0
  index_shortening: 1
  data_block_hash_table_util_ratio: 0.750000
  hash_index_allow_collision: 1
  checksum: 1
  no_block_cache: 0
  block_cache: 0x558ed1d6c9f0
  block_cache_name: LRUCache
  block_cache_options:
    capacity : 8388608
    num_shard_bits : 4
    strict_capacity_limit : 0
    memory_allocator : None
    high_pri_pool_ratio: 0.000
  block_cache_compressed: (nil)
  persistent_cache: (nil)
  block_size: 4096
  block_size_deviation: 10
  block_restart_interval: 16
  index_block_restart_interval: 1
  metadata_block_size: 4096
  partition_filters: 0
  use_delta_encoding: 1
  filter_policy: nullptr
  whole_key_filtering: 1
  verify_compression: 0
  read_amp_bytes_per_bit: 0
  format_version: 4
  enable_index_compression: 1
  block_align: 0
2021/11/09-14:44:31.939515 7f89114d2cc0        Options.write_buffer_size: 268435456
2021/11/09-14:44:31.939516 7f89114d2cc0  Options.max_write_buffer_number: 8
2021/11/09-14:44:31.939517 7f89114d2cc0          Options.compression: NoCompression
2021/11/09-14:44:31.939518 7f89114d2cc0                  Options.bottommost_compression: Disabled
2021/11/09-14:44:31.939519 7f89114d2cc0       Options.prefix_extractor: nullptr
2021/11/09-14:44:31.939521 7f89114d2cc0   Options.memtable_insert_with_hint_prefix_extractor: nullptr
2021/11/09-14:44:31.939522 7f89114d2cc0             Options.num_levels: 7
2021/11/09-14:44:31.939523 7f89114d2cc0        Options.min_write_buffer_number_to_merge: 1
2021/11/09-14:44:31.939524 7f89114d2cc0     Options.max_write_buffer_number_to_maintain: 0
2021/11/09-14:44:31.939525 7f89114d2cc0     Options.max_write_buffer_size_to_maintain: 0
2021/11/09-14:44:31.939526 7f89114d2cc0            Options.bottommost_compression_opts.window_bits: -14
2021/11/09-14:44:31.939527 7f89114d2cc0                  Options.bottommost_compression_opts.level: 32767
2021/11/09-14:44:31.939528 7f89114d2cc0               Options.bottommost_compression_opts.strategy: 0
2021/11/09-14:44:31.939529 7f89114d2cc0         Options.bottommost_compression_opts.max_dict_bytes: 0
2021/11/09-14:44:31.939531 7f89114d2cc0         Options.bottommost_compression_opts.zstd_max_train_bytes: 0
2021/11/09-14:44:31.939532 7f89114d2cc0         Options.bottommost_compression_opts.parallel_threads: 1
2021/11/09-14:44:31.939533 7f89114d2cc0                  Options.bottommost_compression_opts.enabled: false
2021/11/09-14:44:31.939534 7f89114d2cc0            Options.compression_opts.window_bits: -14
